0	[]
1	[0]
2	[0, 1]
3	[0, 1, 2]
4	[1, 2, 3]
5	[1, 2, 3]
6	[1, 2, 3]
7	[1, 2, 3]
8	[0, 2, 3]
9	[2, 3, 7]
10	[2, 3, 4]
11	[2, 3, 4]
12	[2, 3, 4]
13	[0, 3, 4]
14	[3, 4, 9]
15	[4, 8, 9]
16	[6, 8, 9]
17	[5, 6, 8]
18	[5, 6, 8]
19	[5, 6, 8]
20	[6, 8, 9]
21	[6, 8, 9]
22	[6, 8, 9]
23	[4, 6, 9]
24	[3, 4, 6]
25	[2, 4, 6]
26	[4, 5, 6]
27	[4, 5, 6]
28	[4, 5, 6]
29	[1, 5, 6]
30	[1, 5, 6]
31	[1, 5, 6]
32	[1, 3, 6]
33	[1, 3, 6]
34	[1, 3, 4]
35	[0, 1, 3]
36	[0, 1, 3]
37	[1, 2, 3]
38	[1, 2, 3]
39	[1, 2, 3]
40	[1, 2, 3]
41	[1, 2, 3]
42	[0, 2, 3]
43	[2, 3, 7]
44	[2, 3, 4]
45	[2, 3, 4]
46	[2, 3, 4]
47	[0, 3, 4]
48	[3, 4, 9]
49	[4, 8, 9]
50	[6, 8, 9]
51	[5, 6, 8]
52	[5, 6, 8]
53	[5, 6, 8]
54	[6, 8, 9]
55	[6, 8, 9]
56	[6, 8, 9]
57	[4, 6, 9]
58	[3, 4, 6]
59	[2, 4, 6]
60	[4, 5, 6]
61	[4, 5, 6]
62	[4, 5, 6]
63	[1, 5, 6]
64	[1, 5, 6]
65	[1, 5, 6]
66	[1, 3, 6]
67	[1, 3, 6]
68	[1, 3, 4]
69	[1, 3, 4]
70	[1, 2, 3]
71	[1, 2, 3]
72	[1, 2, 3]
73	[1, 2, 3]
74	[1, 2, 3]
75	[0, 2, 3]
76	[2, 3, 7]
77	[2, 3, 4]
78	[2, 3, 4]
79	[2, 3, 4]
80	[0, 3, 4]
81	[3, 4, 9]
82	[4, 8, 9]
83	[6, 8, 9]
84	[5, 6, 8]
85	[5, 6, 8]
86	[5, 6, 8]
87	[6, 8, 9]
88	[6, 8, 9]
89	[6, 8, 9]
90	[4, 6, 9]
91	[3, 4, 6]
92	[2, 4, 6]
93	[4, 5, 6]
94	[4, 5, 6]
95	[4, 5, 6]
96	[1, 5, 6]
97	[1, 5, 6]
98	[1, 5, 6]
99	[1, 3, 6]
100	[1, 3, 6]
101	[1, 3, 4]
102	[0, 1, 3]
103	[0, 1, 3]
104	[1, 2, 3]
105	[1, 2, 3]
106	[1, 2, 3]
107	[1, 2, 3]
108	[1, 2, 3]
109	[0, 2, 3]
110	[2, 3, 7]
111	[2, 3, 4]
112	[2, 3, 4]
113	[2, 3, 4]
114	[0, 3, 4]
115	[3, 4, 9]
116	[4, 8, 9]
117	[6, 8, 9]
118	[5, 6, 8]
119	[5, 6, 8]
120	[5, 6, 8]
121	[6, 8, 9]
122	[6, 8, 9]
123	[6, 8, 9]
124	[4, 6, 9]
125	[3, 4, 6]
126	[2, 4, 6]
127	[4, 5, 6]
128	[4, 5, 6]
129	[4, 5, 6]
130	[1, 5, 6]
131	[1, 5, 6]
132	[1, 5, 6]
133	[1, 3, 6]
134	[1, 3, 6]
135	[1, 3, 4]
136	[0, 1, 3]
137	[0, 1, 3]
138	[1, 2, 3]
139	[1, 2, 3]
140	[1, 2, 3]
141	[1, 2, 3]
142	[1, 2, 3]
143	[0, 2, 3]
144	[2, 3, 7]
145	[2, 3, 4]
146	[2, 3, 4]
147	[2, 3, 4]
148	[0, 3, 4]
149	[3, 4, 9]
150	[4, 8, 9]
151	[6, 8, 9]
152	[5, 6, 8]
153	[5, 6, 8]
154	[5, 6, 8]
155	[6, 8, 9]
156	[6, 8, 9]
157	[6, 8, 9]
158	[4, 6, 9]
159	[3, 4, 6]
160	[2, 4, 6]
161	[4, 5, 6]
162	[4, 5, 6]
163	[4, 5, 6]
164	[1, 5, 6]
165	[1, 5, 6]
166	[1, 5, 6]
167	[1, 3, 6]
168	[1, 3, 6]
169	[1, 3, 4]
170	[0, 1, 3]
171	[0, 1, 3]
172	[1, 2, 3]
173	[1, 2, 3]
174	[1, 2, 3]
175	[1, 2, 3]
176	[1, 2, 3]
177	[0, 2, 3]
178	[2, 3, 7]
179	[2, 3, 4]
180	[2, 3, 4]
181	[2, 3, 4]
182	[0, 3, 4]
183	[3, 4, 9]
184	[4, 8, 9]
185	[6, 8, 9]
186	[5, 6, 8]
187	[5, 6, 8]
188	[5, 6, 8]
189	[6, 8, 9]
190	[6, 8, 9]
191	[6, 8, 9]
192	[4, 6, 9]
193	[3, 4, 6]
194	[2, 4, 6]
195	[4, 5, 6]
196	[4, 5, 6]
197	[4, 5, 6]
198	[1, 5, 6]
199	[1, 5, 6]
200	[1, 5, 6]
201	[1, 3, 6]
202	[1, 3, 6]
203	[1, 3, 4]
204	[0, 1, 3]
205	[0, 1, 3]
206	[1, 2, 3]
207	[1, 2, 3]
208	[1, 2, 3]
209	[1, 2, 3]
210	[1, 2, 3]
211	[0, 2, 3]
212	[2, 3, 7]
213	[2, 3, 4]
214	[2, 3, 4]
215	[2, 3, 4]
216	[0, 3, 4]
217	[3, 4, 9]
218	[4, 8, 9]
219	[6, 8, 9]
220	[5, 6, 8]
221	[5, 6, 8]
222	[5, 6, 8]
223	[6, 8, 9]
224	[6, 8, 9]
225	[6, 8, 9]
226	[4, 6, 9]
227	[3, 4, 6]
228	[2, 4, 6]
229	[4, 5, 6]
230	[4, 5, 6]
231	[4, 5, 6]
232	[1, 5, 6]
233	[1, 5, 6]
234	[1, 5, 6]
235	[1, 3, 6]
236	[1, 3, 6]
237	[1, 3, 4]
238	[0, 1, 3]
239	[0, 1, 3]
240	[1, 2, 3]
241	[1, 2, 3]
242	[1, 2, 3]
243	[1, 2, 3]
244	[1, 2, 3]
245	[0, 2, 3]
246	[2, 3, 7]
247	[2, 3, 4]
248	[2, 3, 4]
249	[2, 3, 4]
250	[0, 3, 4]
251	[3, 4, 9]
252	[4, 8, 9]
253	[6, 8, 9]
254	[5, 6, 8]
255	[5, 6, 8]
256	[5, 6, 8]
257	[6, 8, 9]
258	[6, 8, 9]
259	[6, 8, 9]
260	[4, 6, 9]
261	[3, 4, 6]
262	[2, 4, 6]
263	[4, 5, 6]
264	[4, 5, 6]
265	[4, 5, 6]
266	[1, 5, 6]
267	[1, 5, 6]
268	[1, 5, 6]
269	[1, 3, 6]
270	[1, 3, 6]
271	[1, 3, 4]
272	[0, 1, 3]
273	[0, 1, 3]
274	[1, 2, 3]
275	[1, 2, 3]
276	[1, 2, 3]
277	[1, 2, 3]
278	[1, 2, 3]
279	[0, 2, 3]
280	[2, 3, 7]
281	[2, 3, 4]
282	[2, 3, 4]
283	[2, 3, 4]
284	[0, 3, 4]
285	[3, 4, 9]
286	[4, 8, 9]
287	[6, 8, 9]
288	[5, 6, 8]
289	[5, 6, 8]
290	[5, 6, 8]
291	[6, 8, 9]
292	[6, 8, 9]
293	[6, 8, 9]
294	[4, 6, 9]
295	[3, 4, 6]
296	[2, 4, 6]
297	[4, 5, 6]
298	[4, 5, 6]
299	[4, 5, 6]
300	[1, 5, 6]
301	[1, 5, 6]
302	[1, 5, 6]
303	[1, 3, 6]
304	[1, 3, 6]
305	[1, 3, 4]
306	[0, 1, 3]
307	[0, 1, 3]
308	[1, 2, 3]
309	[1, 2, 3]
310	[1, 2, 3]
311	[1, 2, 3]
312	[1, 2, 3]
313	[0, 2, 3]
314	[2, 3, 7]
315	[2, 3, 4]
316	[2, 3, 4]
317	[2, 3, 4]
318	[0, 3, 4]
319	[3, 4, 9]
320	[4, 8, 9]
321	[6, 8, 9]
322	[5, 6, 8]
323	[5, 6, 8]
324	[5, 6, 8]
325	[6, 8, 9]
326	[6, 8, 9]
327	[6, 8, 9]
328	[4, 6, 9]
329	[3, 4, 6]
330	[2, 4, 6]
331	[4, 5, 6]
332	[4, 5, 6]
333	[4, 5, 6]
334	[1, 5, 6]
335	[1, 5, 6]
336	[1, 5, 6]
337	[1, 3, 6]
338	[1, 3, 6]
339	[1, 3, 4]
340	[0, 1, 3]
341	[0, 1, 3]
342	[1, 2, 3]
343	[1, 2, 3]
344	[1, 2, 3]
345	[1, 2, 3]
346	[1, 2, 3]
347	[0, 2, 3]
348	[2, 3, 7]
349	[2, 3, 4]
350	[2, 3, 4]
351	[2, 3, 4]
352	[0, 3, 4]
353	[3, 4, 9]
354	[4, 8, 9]
355	[6, 8, 9]
356	[5, 6, 8]
357	[5, 6, 8]
358	[5, 6, 8]
359	[6, 8, 9]
360	[6, 8, 9]
361	[6, 8, 9]
362	[4, 6, 9]
363	[3, 4, 6]
364	[2, 4, 6]
365	[4, 5, 6]
366	[4, 5, 6]
367	[4, 5, 6]
368	[1, 5, 6]
369	[1, 5, 6]
370	[1, 5, 6]
371	[1, 3, 6]
372	[1, 3, 6]
373	[1, 3, 4]
374	[0, 1, 3]
375	[0, 1, 3]
376	[1, 2, 3]
377	[1, 2, 3]
378	[1, 2, 3]
379	[1, 2, 3]
380	[1, 2, 3]
381	[0, 2, 3]
382	[2, 3, 7]
383	[2, 3, 4]
384	[2, 3, 4]
385	[2, 3, 4]
386	[0, 3, 4]
387	[3, 4, 9]
388	[4, 8, 9]
389	[6, 8, 9]
390	[5, 6, 8]
391	[5, 6, 8]
392	[5, 6, 8]
393	[6, 8, 9]
394	[6, 8, 9]
395	[6, 8, 9]
396	[4, 6, 9]
397	[3, 4, 6]
398	[2, 4, 6]
399	[4, 5, 6]
400	[4, 5, 6]
401	[4, 5, 6]
402	[1, 5, 6]
403	[1, 5, 6]
404	[1, 5, 6]
405	[1, 3, 6]
406	[1, 3, 6]
407	[1, 3, 4]
408	[0, 1, 3]
409	[0, 1, 3]
410	[1, 2, 3]
411	[1, 2, 3]
412	[1, 2, 3]
413	[1, 2, 3]
414	[1, 2, 3]
415	[0, 2, 3]
416	[2, 3, 7]
417	[2, 3, 4]
418	[2, 3, 4]
419	[2, 3, 4]
420	[0, 3, 4]
421	[3, 4, 9]
422	[4, 8, 9]
423	[6, 8, 9]
424	[5, 6, 8]
425	[5, 6, 8]
426	[5, 6, 8]
427	[6, 8, 9]
428	[6, 8, 9]
429	[6, 8, 9]
430	[4, 6, 9]
431	[3, 4, 6]
432	[2, 4, 6]
433	[4, 5, 6]
434	[4, 5, 6]
435	[4, 5, 6]
436	[1, 5, 6]
437	[1, 5, 6]
438	[1, 5, 6]
439	[1, 3, 6]
440	[1, 3, 6]
441	[1, 3, 4]
442	[0, 1, 3]
443	[0, 1, 3]
444	[1, 2, 3]
445	[1, 2, 3]
446	[1, 2, 3]
447	[1, 2, 3]
448	[1, 2, 3]
449	[0, 2, 3]
450	[2, 3, 7]
451	[2, 3, 4]
452	[2, 3, 4]
453	[2, 3, 4]
454	[0, 3, 4]
455	[3, 4, 9]
456	[4, 8, 9]
457	[6, 8, 9]
458	[5, 6, 8]
459	[5, 6, 8]
460	[5, 6, 8]
461	[6, 8, 9]
462	[6, 8, 9]
463	[6, 8, 9]
464	[4, 6, 9]
465	[3, 4, 6]
466	[2, 4, 6]
467	[4, 5, 6]
468	[4, 5, 6]
469	[4, 5, 6]
470	[1, 5, 6]
471	[1, 5, 6]
472	[1, 5, 6]
473	[1, 3, 6]
474	[1, 3, 6]
475	[1, 3, 4]
476	[0, 1, 3]
477	[0, 1, 3]
478	[1, 2, 3]
479	[1, 2, 3]
480	[1, 2, 3]
481	[1, 2, 3]
482	[1, 2, 3]
483	[0, 2, 3]
484	[2, 3, 7]
485	[2, 3, 4]
486	[2, 3, 4]
487	[2, 3, 4]
488	[0, 3, 4]
489	[3, 4, 9]
490	[4, 8, 9]
491	[6, 8, 9]
492	[5, 6, 8]
493	[5, 6, 8]
494	[5, 6, 8]
495	[6, 8, 9]
496	[6, 8, 9]
497	[6, 8, 9]
498	[4, 6, 8]
499	[3, 4, 6]
500	[2, 4, 6]
501	[4, 5, 6]
502	[4, 5, 6]
503	[4, 5, 6]
504	[1, 5, 6]
505	[1, 5, 6]
506	[1, 5, 6]
507	[1, 3, 6]
508	[1, 3, 6]
509	[1, 4, 6]
510	[0, 1, 6]
511	[0, 1, 6]
512	[0, 2, 6]
513	[0, 6, 8]
514	[0, 6, 8]
515	[0, 7, 8]
516	[0, 7, 8]
517	[0, 7, 8]
518	[0, 7, 8]
519	[0, 8, 9]
520	[0, 8, 9]
521	[0, 8, 9]
522	[0, 8, 9]
523	[0, 7, 9]
524	[0, 6, 7]
525	[0, 5, 6]
526	[0, 4, 6]
527	[0, 3, 6]
528	[2, 3, 6]
529	[2, 3, 6]
530	[2, 3, 6]
531	[1, 2, 3]
532	[1, 2, 3]
533	[1, 2, 3]
534	[1, 2, 3]
535	[1, 2, 3]
536	[1, 2, 3]
537	[0, 2, 3]
538	[2, 3, 7]
539	[2, 3, 4]
540	[2, 3, 4]
541	[2, 3, 4]
542	[0, 3, 4]
543	[3, 4, 9]
544	[4, 8, 9]
545	[6, 8, 9]
546	[5, 6, 8]
547	[5, 6, 8]
548	[5, 6, 8]
549	[6, 8, 9]
550	[6, 8, 9]
551	[6, 8, 9]
552	[4, 6, 9]
553	[3, 4, 6]
554	[2, 4, 6]
555	[4, 5, 6]
556	[4, 5, 6]
557	[4, 5, 6]
558	[1, 5, 6]
559	[1, 5, 6]
560	[1, 5, 6]
561	[1, 3, 6]
562	[1, 3, 6]
563	[1, 3, 4]
564	[0, 1, 3]
565	[0, 1, 3]
566	[1, 2, 3]
567	[1, 2, 3]
568	[1, 2, 3]
569	[1, 2, 3]
570	[1, 2, 3]
571	[0, 2, 3]
572	[2, 3, 7]
573	[2, 3, 4]
574	[2, 3, 4]
575	[2, 3, 4]
576	[0, 3, 4]
577	[3, 4, 9]
578	[4, 8, 9]
579	[6, 8, 9]
580	[5, 6, 8]
581	[5, 6, 8]
582	[5, 6, 8]
583	[6, 8, 9]
584	[6, 8, 9]
585	[6, 8, 9]
586	[4, 6, 9]
587	[3, 4, 6]
588	[2, 4, 6]
589	[4, 5, 6]
590	[4, 5, 6]
591	[4, 5, 6]
592	[1, 5, 6]
593	[1, 5, 6]
594	[1, 5, 6]
595	[1, 3, 6]
596	[1, 3, 6]
597	[1, 3, 4]
598	[0, 1, 3]
599	[0, 1, 3]
600	[1, 2, 3]
601	[1, 2, 3]
602	[1, 2, 3]
603	[1, 2, 3]
604	[1, 2, 3]
605	[0, 2, 3]
606	[2, 3, 7]
607	[2, 3, 4]
608	[2, 3, 4]
609	[2, 3, 4]
610	[0, 3, 4]
611	[3, 4, 9]
612	[4, 8, 9]
613	[6, 8, 9]
614	[5, 6, 8]
615	[5, 6, 8]
616	[5, 6, 8]
617	[6, 8, 9]
618	[6, 8, 9]
619	[6, 8, 9]
620	[4, 6, 9]
621	[3, 4, 6]
622	[2, 4, 6]
623	[4, 5, 6]
624	[4, 5, 6]
625	[4, 5, 6]
626	[1, 5, 6]
627	[1, 5, 6]
628	[1, 5, 6]
629	[1, 3, 6]
630	[1, 3, 6]
631	[1, 3, 4]
632	[0, 1, 3]
633	[0, 1, 3]
634	[1, 2, 3]
635	[1, 2, 3]
636	[1, 2, 3]
637	[1, 2, 3]
638	[1, 2, 3]
639	[0, 2, 3]
640	[2, 3, 7]
641	[2, 3, 4]
642	[2, 3, 4]
643	[2, 3, 4]
644	[0, 3, 4]
645	[3, 4, 9]
646	[4, 8, 9]
647	[6, 8, 9]
648	[5, 6, 8]
649	[5, 6, 8]
650	[5, 6, 8]
651	[6, 8, 9]
652	[6, 8, 9]
653	[6, 8, 9]
654	[4, 6, 9]
655	[3, 4, 6]
656	[2, 4, 6]
657	[4, 5, 6]
658	[4, 5, 6]
659	[4, 5, 6]
660	[1, 5, 6]
661	[1, 5, 6]
662	[1, 5, 6]
663	[1, 3, 6]
664	[1, 3, 6]
665	[1, 3, 4]
666	[0, 1, 3]
667	[0, 1, 3]
668	[1, 2, 3]
669	[1, 2, 3]
670	[1, 2, 3]
671	[1, 2, 3]
672	[1, 2, 3]
673	[0, 2, 3]
674	[2, 3, 7]
675	[2, 3, 4]
676	[2, 3, 4]
677	[2, 3, 4]
678	[0, 3, 4]
679	[3, 4, 9]
680	[4, 8, 9]
681	[6, 8, 9]
682	[5, 6, 8]
683	[5, 6, 8]
684	[5, 6, 8]
685	[6, 8, 9]
686	[6, 8, 9]
687	[6, 8, 9]
688	[4, 6, 8]
689	[3, 4, 6]
690	[2, 4, 6]
691	[4, 5, 6]
692	[4, 5, 6]
693	[4, 5, 6]
694	[1, 5, 6]
695	[1, 5, 6]
696	[1, 5, 6]
697	[1, 3, 5]
698	[1, 3, 5]
699	[1, 3, 4]
700	[0, 1, 3]
701	[0, 1, 3]
702	[1, 2, 3]
703	[1, 2, 3]
704	[1, 2, 3]
705	[1, 2, 3]
706	[1, 2, 3]
707	[2, 3, 4]
708	[3, 4, 5]
709	[3, 4, 6]
710	[4, 6, 7]
711	[6, 7, 8]
712	[6, 7, 9]
713	[6, 7, 9]
714	[0, 7, 9]
715	[0, 7, 9]
716	[0, 4, 9]
717	[0, 3, 9]
718	[0, 2, 9]
719	[0, 2, 9]
720	[0, 2, 9]
721	[2, 8, 9]
722	[6, 8, 9]
723	[5, 6, 8]
724	[5, 6, 8]
725	[5, 6, 8]
726	[6, 8, 9]
727	[6, 8, 9]
728	[6, 8, 9]
729	[4, 6, 9]
730	[3, 4, 6]
731	[2, 4, 6]
732	[4, 5, 6]
733	[4, 5, 6]
734	[4, 5, 6]
735	[1, 5, 6]
736	[1, 5, 6]
737	[1, 5, 6]
738	[1, 3, 6]
739	[1, 3, 6]
740	[1, 3, 4]
741	[0, 1, 3]
742	[0, 1, 3]
743	[1, 2, 3]
744	[1, 2, 3]
745	[1, 2, 3]
746	[1, 2, 3]
747	[1, 2, 3]
748	[0, 2, 3]
749	[2, 3, 7]
750	[2, 3, 4]
751	[2, 3, 4]
752	[2, 3, 4]
753	[0, 3, 4]
754	[3, 4, 9]
755	[4, 8, 9]
756	[6, 8, 9]
757	[5, 6, 8]
758	[5, 6, 8]
759	[5, 6, 8]
760	[6, 8, 9]
761	[6, 8, 9]
762	[6, 8, 9]
763	[4, 6, 9]
764	[3, 4, 6]
765	[2, 4, 6]
766	[4, 5, 6]
767	[4, 5, 6]
768	[4, 5, 6]
769	[1, 5, 6]
770	[1, 5, 6]
771	[1, 5, 6]
772	[1, 3, 6]
773	[1, 3, 6]
774	[1, 3, 4]
775	[0, 1, 3]
776	[0, 1, 3]
777	[1, 2, 3]
778	[1, 2, 3]
779	[1, 2, 3]
780	[1, 2, 3]
781	[1, 2, 3]
782	[0, 2, 3]
783	[2, 3, 7]
784	[2, 3, 4]
785	[2, 3, 4]
786	[2, 3, 4]
787	[0, 3, 4]
788	[3, 4, 9]
789	[4, 8, 9]
790	[6, 8, 9]
791	[5, 6, 8]
792	[5, 6, 8]
793	[5, 6, 8]
794	[6, 8, 9]
795	[6, 8, 9]
796	[6, 8, 9]
797	[4, 6, 9]
798	[3, 4, 6]
799	[2, 4, 6]
800	[4, 5, 6]
801	[4, 5, 6]
802	[4, 5, 6]
803	[1, 5, 6]
804	[1, 5, 6]
805	[1, 5, 6]
806	[1, 3, 6]
807	[1, 3, 6]
808	[1, 3, 4]
809	[0, 1, 3]
810	[0, 1, 3]
811	[1, 2, 3]
812	[1, 2, 3]
813	[1, 2, 3]
814	[1, 2, 3]
815	[1, 2, 3]
816	[0, 2, 3]
817	[2, 3, 7]
818	[2, 3, 4]
819	[2, 3, 4]
820	[2, 3, 4]
821	[0, 3, 4]
822	[3, 4, 9]
823	[4, 8, 9]
824	[6, 8, 9]
825	[5, 6, 8]
826	[5, 6, 8]
827	[5, 6, 8]
828	[6, 8, 9]
829	[6, 8, 9]
830	[6, 8, 9]
831	[4, 6, 9]
832	[3, 4, 6]
833	[2, 4, 6]
834	[4, 5, 6]
835	[4, 5, 6]
836	[4, 5, 6]
837	[1, 5, 6]
838	[1, 5, 6]
839	[1, 5, 6]
840	[1, 3, 6]
841	[1, 3, 6]
842	[1, 3, 4]
843	[0, 1, 3]
844	[0, 1, 3]
845	[1, 2, 3]
846	[1, 2, 3]
847	[1, 2, 3]
848	[1, 2, 3]
849	[1, 2, 3]
850	[0, 2, 3]
851	[2, 3, 7]
852	[2, 3, 4]
853	[2, 3, 4]
854	[2, 3, 4]
855	[0, 3, 4]
856	[3, 4, 9]
857	[4, 8, 9]
858	[6, 8, 9]
859	[5, 6, 8]
860	[5, 6, 8]
861	[5, 6, 8]
862	[6, 8, 9]
863	[6, 8, 9]
864	[6, 8, 9]
865	[4, 6, 9]
866	[3, 4, 6]
867	[2, 4, 6]
868	[4, 5, 6]
869	[4, 5, 6]
870	[4, 5, 6]
871	[1, 5, 6]
872	[1, 5, 6]
873	[1, 5, 6]
874	[1, 3, 6]
875	[1, 3, 6]
876	[1, 3, 4]
877	[0, 1, 3]
878	[0, 1, 3]
879	[1, 2, 3]
880	[1, 2, 3]
881	[1, 2, 3]
882	[1, 2, 3]
883	[1, 2, 3]
884	[0, 2, 3]
885	[2, 3, 7]
886	[2, 3, 4]
887	[2, 3, 4]
888	[2, 3, 4]
889	[0, 3, 4]
890	[3, 4, 9]
891	[4, 8, 9]
892	[6, 8, 9]
893	[5, 6, 8]
894	[5, 6, 8]
895	[5, 6, 8]
896	[6, 8, 9]
897	[6, 8, 9]
898	[6, 8, 9]
899	[4, 6, 9]
900	[3, 4, 6]
901	[2, 4, 6]
902	[4, 5, 6]
903	[4, 5, 6]
904	[4, 5, 6]
905	[1, 5, 6]
906	[1, 5, 6]
907	[1, 5, 6]
908	[1, 3, 6]
909	[1, 3, 6]
910	[1, 3, 4]
911	[0, 1, 3]
912	[0, 1, 3]
913	[1, 2, 3]
914	[1, 2, 3]
915	[1, 2, 3]
916	[1, 2, 3]
917	[1, 2, 3]
918	[0, 2, 3]
919	[2, 3, 7]
920	[2, 3, 4]
921	[2, 3, 4]
922	[2, 3, 4]
923	[0, 3, 4]
924	[3, 4, 9]
925	[4, 8, 9]
926	[6, 8, 9]
927	[5, 6, 8]
928	[5, 6, 8]
929	[5, 6, 8]
930	[6, 8, 9]
931	[6, 8, 9]
932	[6, 8, 9]
933	[4, 6, 9]
934	[3, 4, 6]
935	[2, 4, 6]
936	[4, 5, 6]
937	[4, 5, 6]
938	[4, 5, 6]
939	[1, 5, 6]
940	[1, 5, 6]
941	[1, 5, 6]
942	[1, 3, 6]
943	[1, 3, 6]
944	[1, 3, 4]
945	[0, 1, 3]
946	[0, 1, 3]
947	[1, 2, 3]
948	[1, 2, 3]
949	[1, 2, 3]
950	[1, 2, 3]
951	[1, 2, 3]
952	[0, 2, 3]
953	[2, 3, 7]
954	[2, 3, 4]
955	[2, 3, 4]
956	[2, 3, 4]
957	[0, 3, 4]
958	[3, 4, 9]
959	[4, 8, 9]
960	[6, 8, 9]
961	[5, 6, 8]
962	[5, 6, 8]
963	[5, 6, 8]
964	[6, 8, 9]
965	[6, 8, 9]
966	[6, 8, 9]
967	[4, 6, 9]
968	[3, 4, 6]
969	[2, 4, 6]
970	[4, 5, 6]
971	[4, 5, 6]
972	[4, 5, 6]
973	[1, 5, 6]
974	[1, 5, 6]
975	[1, 5, 6]
976	[1, 3, 6]
977	[1, 3, 6]
978	[1, 3, 4]
979	[0, 1, 3]
980	[0, 1, 3]
981	[1, 2, 3]
982	[1, 2, 3]
983	[1, 2, 3]
984	[1, 2, 3]
985	[1, 2, 3]
986	[0, 2, 3]
987	[2, 3, 7]
988	[2, 3, 4]
989	[2, 3, 4]
990	[2, 3, 4]
991	[0, 3, 4]
992	[3, 4, 9]
993	[3, 4, 8]
994	[3, 4, 6]
995	[3, 4, 5]
996	[3, 4, 6]
997	[3, 4, 8]
998	[3, 4, 9]
999	[3, 4, 8]
535
